0 = left   (0, 1, 3, 2)
1 = bottom (0, 1, 5, 4)
2 = right  (4, 5, 7, 6)
3 = top    (3, 7, 6, 2)
4 = back   (3, 1, 5, 7)
5 = front  (0, 2, 6, 4)
true hits:  XY hits:
2,1,1,1     2,1,1,3
2,1,4,1     2,1,5,3
2,3,1,3     2,3,1,1
2,3,5,3     2,3,4,1
3,0,0,1     3,0,0,3
3,0,4,0     3,0,5,0
3,2,0,3     3,2,0,1
3,2,5,0     3,2,4,0
4,2,1,1     4,2,1,3
4,2,4,1     4,2,5,3
4,3,0,1     4,3,0,3
4,3,4,0     4,3,5,0
5,1,0,3     5,1,0,1
5,1,5,0     5,1,4,0
5,2,1,3     5,2,1,1
5,2,5,3     5,2,4,1

actual check marker:0110
temp marker: 2141





1, 1, 0
, 0
XY
_3
_ _3
--
, 1
XY
_ _43
>
0.5
-0.5
-0.0
-0.5
[[-0.5, -0.5, 10.5], [0.5, -0.5, 10.5]]
[[0.5, -0.5, 10.5], [0.5, 0.5, 10.5]]
True
True
True
True
<
_ _ _431
--

